[
  {
    "w": 12,
    "h": 7,
    "time": 180,
    "data": [1, 1, 1, 1, 1, 1, 1, 1, 1, 1, 1, 1,
             1, 1, 1, 1, 1, 1, 1, 1, 1, 1, 1, 1,
             1, 1, 1, 1, 1, 1, 1, 1, 1, 1, 1, 1,
             1, 1, 0, 0, 2, 0, 4, 0, 0, 8, 1, 1,
             1, 1, 1, 1, 1, 1, 1, 1, 1, 1, 1, 1,
             1, 1, 1, 1, 1, 1, 1, 1, 1, 1, 1, 1,
             1, 1, 1, 1, 1, 1, 1, 1, 1, 1, 1, 1]
  },
  {
    "w": 6,
    "h": 6,
    "time": 30,
    "data": [1, 1, 1, 1, 1, 1,
             1, 0, 0, 0, 0, 1,
             1, 0, 2, 0, 0, 1,
             1, 0, 0, 4, 0, 1,
             1, 0, 0, 0, 8, 1,
             1, 1, 1, 1, 1, 1]
  },
  {
    "w": 11,
    "h": 9,
    "time": 180,
    "data": [1, 1, 1, 1, 1, 1, 1, 1, 1, 1, 1,
             1, 1, 1, 1, 8, 1, 1, 1, 1, 1, 1,
             1, 1, 1, 1, 0, 1, 1, 0, 0, 1, 1,
             1, 1, 1, 1, 4, 0, 4, 0, 0, 1, 1,
             1, 1, 8, 0, 4, 2, 1, 1, 0, 1, 1,
             1, 1, 1, 1, 1, 4, 1, 1, 0, 1, 1,
             1, 1, 1, 1, 0, 0, 1, 1, 0, 1, 1,
             1, 1, 1, 1, 0, 0, 8, 1, 8, 1, 1,
             1, 1, 1, 1, 1, 1, 1, 1, 1, 1, 1]
  },
  {
    "w": 6,
    "h": 6,
    "time": 45,
    "data": [1, 1, 1, 1, 1, 1,
             1, 0, 0, 0, 8, 1,
             1, 2, 4, 0, 1, 1,
             1, 0, 0, 4, 0, 1,
             1, 0, 0, 0, 8, 1,
             1, 1, 1, 1, 1, 1]
  },
  {
    "w": 12,
    "h": 10,
    "time": 120,
    "data": [1, 1, 1, 1, 1, 0, 0, 1, 1, 1, 1, 1,
             1, 1, 1, 1, 1, 2, 0, 0, 0, 0, 0, 1,
             1, 1, 1, 1, 0, 0, 0, 1, 1, 0, 0, 1,
             0, 8, 8, 1, 0, 1, 0, 1, 1, 0, 1, 1,
             0, 0, 0, 0, 0, 4, 0, 0, 1, 4, 1, 1,
             1, 0, 0, 1, 0, 1, 0, 0, 0, 0, 1, 1,
             1, 1, 1, 1, 0, 0, 0, 1, 1, 4, 1, 1,
             1, 1, 1, 1, 1, 1, 1, 1, 1, 0, 0, 1,
             1, 1, 1, 1, 8, 0, 0, 0, 0, 0, 0, 1,
             1, 1, 1, 1, 1, 1, 1, 1, 1, 1, 1, 1]
  },
  {
    "w": 12,
    "h": 11,
    "time": 180,
    "data": [1, 1, 1, 1, 1, 1, 1, 1, 1, 1, 1, 1,
             1, 1, 1, 1, 1, 1, 1, 1, 1, 1, 1, 1,
             1, 8, 0, 0, 0, 0, 0, 0, 0, 8, 1, 1,
             1, 0, 1, 0, 1, 4, 1, 1, 1, 0, 1, 1,
             1, 0, 1, 1, 1, 0, 1, 0, 1, 0, 1, 1,
             1, 0, 4, 0, 0, 2, 0, 0, 4, 0, 1, 1,
             1, 0, 1, 1, 1, 0, 1, 0, 1, 0, 1, 1,
             1, 0, 0, 1, 1, 4, 1, 0, 1, 0, 1, 1,
             1, 1, 8, 0, 0, 0, 0, 0, 0, 8, 1, 1,
             1, 1, 1, 1, 1, 1, 1, 1, 1, 1, 1, 1,
             1, 1, 1, 1, 1, 1, 1, 1, 1, 1, 1, 1]
  },
  {
    "w": 12,
    "h": 12,
    "time": 180,
    "data": [1, 1, 1, 1, 1, 1, 1, 1, 1, 1, 1, 1,
             1, 0, 0, 0, 0, 0, 0, 0, 0, 8, 1, 1,
             1, 0, 1, 0, 1, 0, 1, 0, 1, 0, 1, 1,
             1, 0, 4, 4, 1, 0, 1, 0, 1, 0, 1, 1,
             1, 2, 4, 0, 0, 0, 1, 0, 1, 0, 1, 1,
             1, 0, 1, 0, 0, 0, 0, 0, 1, 0, 1, 1,
             1, 0, 1, 0, 1, 0, 0, 0, 0, 0, 1, 1,
             1, 0, 1, 0, 1, 0, 1, 0, 0, 0, 1, 1,
             1, 0, 1, 0, 1, 0, 1, 0, 1, 0, 1, 1,
             1, 8, 1, 0, 1, 0, 1, 0, 1, 8, 1, 1,
             1, 1, 1, 1, 1, 1, 1, 1, 1, 1, 1, 1,
             1, 1, 1, 1, 1, 1, 1, 1, 1, 1, 1, 1]
  },
  {
    "w": 12,
    "h": 11,
    "time": 180,
    "data": [1, 1, 1, 1, 1, 1, 1, 1, 1, 1, 1, 1,
             1, 1, 1, 1, 1, 1, 1, 1, 1, 1, 1, 1,
             1, 1, 1, 2, 0, 0, 1, 1, 1, 1, 1, 1,
             1, 1, 1, 0, 4, 4, 1, 1, 1, 1, 1, 1,
             1, 1, 1, 0, 4, 0, 1, 1, 1, 8, 1, 1,
             1, 1, 1, 1, 1, 0, 1, 1, 1, 8, 1, 1,
             1, 1, 1, 1, 1, 0, 0, 0, 0, 8, 1, 1,
             1, 1, 1, 1, 0, 0, 0, 1, 0, 0, 1, 1,
             1, 1, 1, 1, 0, 0, 0, 1, 1, 1, 1, 1,
             1, 1, 1, 1, 1, 1, 1, 1, 1, 1, 1, 1,
             1, 1, 1, 1, 1, 1, 1, 1, 1, 1, 1, 1]
  },
  {
    "w": 12,
    "h": 9,
    "time": 180,
    "data": [1, 1, 1, 1, 1, 1, 1, 1, 1, 1, 1, 1,
             1, 1, 1, 1, 1, 1, 1, 1, 1, 1, 1, 1,
             1, 1, 1, 0, 0, 0, 0, 0, 1, 1, 1, 1,
             1, 1, 1, 4, 1, 1, 1, 0, 0, 0, 1, 1,
             1, 1, 0, 2, 0, 4, 0, 0, 4, 0, 1, 1,
             1, 1, 0, 8, 8, 1, 0, 4, 0, 1, 1, 1,
             1, 1, 1, 8, 8, 1, 0, 0, 0, 1, 1, 1,
             1, 1, 1, 1, 1, 1, 1, 1, 1, 1, 1, 1,
             1, 1, 1, 1, 1, 1, 1, 1, 1, 1, 1, 1]
  },
  {
    "w": 8,
    "h": 10,
    "time": 180,
    "data": [1, 1, 1, 1, 1, 1, 1, 1,
             1, 1, 1, 1, 1, 1, 1, 1,
             1, 1, 1, 0, 0, 1, 1, 1,
             1, 1, 2, 4, 0, 1, 1, 1,
             1, 1, 1, 4, 0, 1, 1, 1,
             1, 1, 1, 0, 4, 0, 1, 1,
             1, 1, 8, 4, 0, 0, 1, 1,
             1, 1, 8, 8, 0, 8, 1, 1,
             1, 1, 1, 1, 1, 1, 1, 1,
             1, 1, 1, 1, 1, 1, 1, 1]
  },
  {
    "w": 12,
    "h": 12,
    "time": 180,
    "data": [1, 1, 1, 1, 1, 1, 1, 1, 1, 1, 1, 1,
             1, 1, 1, 1, 1, 1, 1, 1, 1, 1, 1, 1,
             1, 1, 1, 1, 1, 1, 1, 1, 1, 1, 1, 1,
             1, 1, 1, 1, 2, 0, 1, 1, 1, 1, 1, 1,
             1, 1, 1, 1, 0, 4, 0, 0, 1, 1, 1, 1,
             1, 1, 1, 1, 1, 0, 1, 0, 1, 1, 1, 1,
             1, 1, 1, 8, 1, 0, 1, 0, 0, 1, 1, 1,
             1, 1, 1, 8, 4, 0, 0, 1, 0, 1, 1, 1,
             1, 1, 1, 8, 0, 0, 0, 4, 0, 1, 1, 1,
             1, 1, 1, 1, 1, 1, 1, 1, 1, 1, 1, 1,
             1, 1, 1, 1, 1, 1, 1, 1, 1, 1, 1, 1,
             1, 1, 1, 1, 1, 1, 1, 1, 1, 1, 1, 1]
  },
  {
    "w": 12,
    "h": 12,
    "time": 180,
    "data": [1, 1, 1, 1, 1, 1, 1, 1, 1, 1, 1, 1,
             1, 1, 1, 1, 0, 0, 0, 0, 0, 1, 1, 1,
             1, 0, 0, 0, 8, 1, 1, 1, 0, 1, 1, 1,
             1, 0, 1, 0, 1, 0, 0, 0, 0, 1, 1, 1,
             1, 0, 1, 0, 4, 0, 4, 1, 8, 0, 1, 1,
             1, 0, 1, 0, 0, 8, 4, 0, 1, 0, 1, 1,
             1, 0, 8, 1, 4, 0, 4, 0, 1, 0, 1, 1,
             1, 1, 0, 0, 0, 0, 1, 0, 1, 0, 1, 1,
             1, 1, 0, 1, 1, 1, 8, 0, 0, 0, 0, 2,
             1, 1, 0, 0, 0, 0, 0, 1, 1, 0, 0, 0,
             1, 1, 1, 1, 1, 1, 1, 1, 1, 1, 1, 1,
             1, 1, 1, 1, 1, 1, 1, 1, 1, 1, 1, 1]
  },
  {
    "w": 12,
    "h": 12,
    "time": 180,
    "data": [1, 1, 1, 1, 1, 1, 1, 1, 1, 1, 1, 1,
             1, 1, 1, 1, 1, 1, 1, 1, 1, 1, 1, 1,
             1, 1, 1, 1, 1, 1, 1, 1, 1, 1, 1, 1,
             1, 1, 1, 1, 1, 0, 0, 1, 0, 2, 1, 1,
             1, 1, 1, 1, 0, 0, 0, 1, 0, 0, 1, 1,
             1, 1, 1, 1, 4, 0, 4, 0, 4, 0, 1, 1,
             1, 1, 1, 1, 0, 4, 1, 1, 0, 0, 1, 1,
             1, 1, 1, 1, 0, 4, 0, 1, 0, 1, 1, 1,
             1, 1, 8, 8, 8, 8, 8, 0, 0, 1, 1, 1,
             1, 1, 1, 1, 1, 1, 1, 1, 1, 1, 1, 1,
             1, 1, 1, 1, 1, 1, 1, 1, 1, 1, 1, 1,
             1, 1, 1, 1, 1, 1, 1, 1, 1, 1, 1, 1]
  },
  {
    "w": 12,
    "h": 10,
    "time": 180,
    "data": [1, 1, 1, 1, 1, 1, 1, 1, 1, 1, 1, 1,
             1, 1, 1, 1, 1, 1, 1, 1, 1, 1, 1, 1,
             1, 1, 1, 1, 1, 1, 1, 1, 1, 1, 1, 1,
             1, 1, 1, 1, 1, 0, 0, 0, 0, 1, 1, 1,
             1, 1, 1, 8, 0, 4, 1, 1, 0, 1, 1, 1,
             1, 1, 8, 8, 4, 0, 4, 0, 0, 2, 1, 1,
             1, 1, 8, 8, 0, 4, 0, 4, 0, 1, 1, 1,
             1, 1, 1, 1, 1, 1, 1, 0, 0, 1, 1, 1,
             1, 1, 1, 1, 1, 1, 1, 1, 1, 1, 1, 1,
             1, 1, 1, 1, 1, 1, 1, 1, 1, 1, 1, 1]
  },
  {
    "w": 12,
    "h": 10,
    "time": 180,
    "data": [1, 1, 1, 1, 1, 1, 1, 1, 1, 1, 1, 1,
             1, 1, 1, 1, 1, 1, 1, 1, 1, 1, 1, 1,
             1, 1, 1, 0, 0, 1, 1, 0, 0, 0, 1, 1,
             1, 1, 1, 0, 0, 0, 4, 0, 0, 0, 1, 1,
             1, 1, 1, 4, 0, 1, 1, 1, 0, 4, 1, 1,
             1, 1, 1, 0, 1, 8, 8, 8, 1, 0, 1, 1,
             1, 1, 1, 0, 1, 8, 8, 8, 1, 0, 1, 1,
             1, 1, 0, 4, 0, 0, 4, 0, 0, 4, 0, 1,
             1, 1, 0, 0, 0, 0, 0, 1, 0, 2, 0, 1,
             1, 1, 1, 1, 1, 1, 1, 1, 1, 1, 1, 1,
             1, 1, 1, 1, 1, 1, 1, 1, 1, 1, 1, 1]
  },
  {
    "w": 12,
    "h": 11,
    "time": 180,
    "data": [1, 1, 1, 1, 1, 1, 1, 1, 1, 1, 1, 1,
             1, 1, 1, 1, 1, 1, 1, 1, 1, 1, 1, 1,
             1, 1, 1, 1, 1, 1, 1, 1, 1, 1, 1, 1,
             1, 1, 1, 1, 1, 0, 0, 0, 0, 1, 1, 1,
             1, 1, 1, 1, 1, 4, 4, 4, 0, 1, 1, 1,
             1, 1, 1, 2, 0, 4, 8, 8, 0, 1, 1, 1,
             1, 1, 1, 0, 4, 8, 8, 8, 1, 1, 1, 1,
             1, 1, 1, 1, 1, 1, 0, 0, 1, 1, 1, 1,
             1, 1, 1, 1, 1, 1, 1, 1, 1, 1, 1, 1,
             1, 1, 1, 1, 1, 1, 1, 1, 1, 1, 1, 1,
             1, 1, 1, 1, 1, 1, 1, 1, 1, 1, 1, 1]
  },
  {
    "w": 12,
    "h": 10,
    "time": 180,
    "data": [1, 1, 1, 1, 1, 1, 1, 1, 1, 1, 1, 1,
             1, 1, 1, 1, 1, 1, 1, 1, 1, 1, 1, 1,
             1, 1, 1, 1, 1, 1, 1, 1, 1, 1, 1, 1,
             1, 1, 0, 0, 1, 1, 1, 1, 0, 0, 0, 1,
             1, 0, 4, 0, 1, 1, 1, 1, 4, 0, 0, 1,
             1, 0, 0, 4, 8, 8, 8, 8, 0, 4, 0, 1,
             1, 1, 0, 0, 0, 0, 1, 0, 2, 0, 1, 1,
             1, 1, 1, 1, 1, 1, 1, 1, 1, 1, 1, 1,
             1, 1, 1, 1, 1, 1, 1, 1, 1, 1, 1, 1,
             1, 1, 1, 1, 1, 1, 1, 1, 1, 1, 1, 1]
  },
  {
    "w": 12,
    "h": 11,
    "time": 180,
    "data": [1, 1, 1, 1, 1, 1, 1, 1, 1, 1, 1, 1,
             1, 1, 1, 1, 1, 1, 1, 1, 1, 1, 1, 1,
             1, 1, 1, 1, 1, 1, 1, 1, 1, 1, 1, 1,
             1, 1, 1, 1, 1, 0, 0, 2, 1, 1, 1, 1,
             1, 1, 1, 0, 0, 4, 8, 0, 1, 1, 1, 1,
             1, 1, 1, 0, 0, 8, 4, 8, 0, 1, 1, 1,
             1, 1, 1, 1, 1, 0, 12, 4, 0, 1, 1, 1,
             1, 1, 1, 1, 1, 0, 0, 0, 1, 1, 1, 1,
             1, 1, 1, 1, 1, 1, 1, 1, 1, 1, 1, 1,
             1, 1, 1, 1, 1, 1, 1, 1, 1, 1, 1, 1,
             1, 1, 1, 1, 1, 1, 1, 1, 1, 1, 1, 1]
  },
  {
    "w": 12,
    "h": 12,
    "time": 180,
    "data": [1, 1, 1, 1, 1, 1, 1, 1, 1, 1, 1, 1,
             1, 1, 1, 1, 1, 1, 1, 1, 1, 1, 1, 1,
             1, 1, 1, 1, 1, 1, 1, 1, 1, 1, 1, 1,
             1, 1, 1, 1, 1, 8, 8, 1, 1, 1, 1, 1,
             1, 1, 1, 1, 1, 0, 8, 1, 1, 1, 1, 1,
             1, 1, 1, 1, 0, 0, 4, 8, 1, 1, 1, 1,
             1, 1, 1, 1, 0, 4, 0, 0, 1, 1, 1, 1,
             1, 1, 1, 0, 0, 1, 4, 4, 0, 1, 1, 1,
             1, 1, 1, 0, 0, 2, 0, 0, 0, 1, 1, 1,
             1, 1, 1, 1, 1, 1, 1, 1, 1, 1, 1, 1,
             1, 1, 1, 1, 1, 1, 1, 1, 1, 1, 1, 1,
             1, 1, 1, 1, 1, 1, 1, 1, 1, 1, 1, 1]
  },
  {
    "w": 12,
    "h": 12,
    "time": 180,
    "data": [1, 1, 1, 1, 1, 1, 1, 1, 1, 1, 1, 1,
             1, 8, 8, 0, 0, 1, 1, 1, 1, 2, 1, 1,
             1, 8, 8, 0, 0, 1, 1, 1, 0, 0, 0, 1,
             1, 8, 8, 0, 0, 0, 0, 0, 4, 4, 0, 1,
             1, 8, 8, 0, 0, 1, 0, 1, 0, 4, 0, 1,
             1, 8, 8, 1, 1, 1, 0, 1, 0, 4, 0, 1,
             1, 1, 1, 1, 0, 4, 0, 1, 4, 0, 0, 1,
             1, 1, 1, 1, 0, 0, 4, 1, 0, 4, 0, 1,
             1, 1, 1, 1, 0, 4, 0, 0, 4, 0, 0, 1,
             1, 1, 1, 1, 0, 0, 1, 1, 0, 0, 0, 1,
             1, 1, 1, 1, 1, 1, 1, 1, 1, 1, 1, 1,
             1, 1, 1, 1, 1, 1, 1, 1, 1, 1, 1, 1]
  },
  {
    "w": 12,
    "h": 12,
    "time": 180,
    "data": [1, 1, 1, 1, 1, 1, 1, 1, 1, 1, 1, 1,
             1, 1, 1, 1, 1, 1, 1, 1, 0, 0, 1, 1,
             1, 1, 0, 0, 0, 0, 0, 4, 0, 2, 1, 1,
             1, 1, 0, 0, 0, 4, 1, 1, 0, 4, 1, 1,
             1, 1, 1, 4, 1, 8, 8, 8, 1, 0, 1, 1,
             1, 1, 1, 0, 4, 8, 8, 8, 0, 0, 1, 1,
             1, 1, 1, 0, 1, 8, 0, 8, 1, 0, 1, 1,
             1, 1, 1, 0, 0, 0, 1, 0, 1, 4, 0, 1,
             1, 1, 1, 4, 0, 0, 4, 0, 0, 0, 0, 1,
             1, 1, 1, 0, 0, 1, 1, 1, 1, 1, 1, 1,
             1, 1, 1, 1, 1, 1, 1, 1, 1, 1, 1, 1,
             1, 1, 1, 1, 1, 1, 1, 1, 1, 1, 1, 1]
  },
  {
    "w": 12,
    "h": 12,
    "time": 180,
    "data": [1, 1, 1, 1, 1, 1, 1, 1, 1, 1, 1, 1,
             1, 0, 0, 0, 0, 0, 0, 0, 0, 0, 0, 1,
             1, 0, 0, 4, 8, 0, 8, 1, 0, 0, 2, 1,
             1, 0, 0, 0, 0, 0, 4, 0, 0, 0, 0, 1,
             1, 0, 0, 0, 0, 0, 0, 0, 0, 0, 0, 1,
             1, 8, 0, 0, 0, 0, 0, 0, 0, 4, 0, 1,
             1, 0, 0, 0, 0, 0, 8, 0, 0, 0, 0, 1,
             1, 0, 0, 0, 4, 0, 0, 0, 0, 0, 0, 1,
             1, 0, 0, 0, 0, 0, 4, 0, 0, 0, 0, 1,
             1, 0, 0, 0, 0, 0, 0, 0, 0, 8, 0, 1,
             1, 0, 0, 0, 0, 0, 0, 0, 0, 0, 0, 1,
             1, 1, 1, 1, 1, 1, 1, 1, 1, 1, 1, 1]
  },
  {
    "w": 12,
    "h": 12,
    "time": 180,
    "data": [1, 1, 1, 1, 1, 1, 1, 1, 1, 1, 1, 1,
             1, 1, 1, 1, 1, 1, 1, 1, 1, 1, 1, 1,
             1, 1, 1, 1, 1, 1, 1, 1, 1, 1, 1, 1,
             1, 1, 1, 0, 0, 0, 1, 1, 1, 1, 1, 1,
             1, 0, 8, 4, 8, 4, 2, 0, 0, 1, 1, 1,
             1, 0, 0, 4, 8, 4, 8, 0, 0, 1, 1, 1,
             1, 1, 1, 0, 1, 0, 1, 1, 1, 1, 1, 1,
             1, 1, 1, 0, 0, 0, 1, 1, 1, 1, 1, 1,
             1, 1, 1, 1, 1, 1, 1, 1, 1, 1, 1, 1,
             1, 1, 1, 1, 1, 1, 1, 1, 1, 1, 1, 1,
             1, 1, 1, 1, 1, 1, 1, 1, 1, 1, 1, 1,
             1, 1, 1, 1, 1, 1, 1, 1, 1, 1, 1, 1]
  },
  {
    "w": 12,
    "h": 12,
    "time": 180,
    "data": [1, 1, 1, 1, 1, 1, 1, 1, 1, 1, 1, 1,
             1, 1, 1, 1, 1, 1, 1, 1, 1, 1, 1, 1,
             1, 1, 1, 1, 1, 1, 1, 1, 1, 1, 1, 1,
             1, 1, 1, 1, 0, 0, 1, 1, 1, 1, 1, 1,
             1, 1, 1, 1, 8, 0, 1, 1, 1, 1, 1, 1,
             1, 1, 1, 0, 8, 0, 1, 1, 1, 1, 1, 1,
             1, 1, 1, 4, 8, 4, 1, 1, 1, 1, 1, 1,
             1, 1, 2, 4, 8, 4, 0, 0, 1, 1, 1, 1,
             1, 1, 0, 4, 8, 0, 0, 0, 1, 1, 1, 1,
             1, 1, 1, 1, 0, 0, 1, 1, 1, 1, 1, 1,
             1, 1, 1, 1, 1, 1, 1, 1, 1, 1, 1, 1,
             1, 1, 1, 1, 1, 1, 1, 1, 1, 1, 1, 1]
  },
  {
    "w": 12,
    "h": 12,
    "time": 180,
    "data": [1, 1, 1, 1, 1, 1, 1, 1, 1, 1, 1, 1,
             1, 1, 1, 1, 1, 1, 1, 1, 1, 1, 1, 1,
             1, 1, 1, 1, 1, 1, 1, 1, 1, 1, 1, 1,
             1, 1, 1, 1, 1, 0, 0, 0, 1, 1, 1, 1,
             1, 1, 1, 1, 1, 0, 12, 4, 1, 1, 1, 1,
             1, 1, 1, 1, 0, 12, 2, 12, 0, 0, 1, 1,
             1, 1, 1, 1, 0, 8, 12, 0, 0, 0, 1, 1,
             1, 1, 1, 1, 1, 0, 0, 0, 1, 1, 1, 1,
             1, 1, 1, 1, 1, 0, 0, 1, 1, 1, 1, 1,
             1, 1, 1, 1, 1, 1, 1, 1, 1, 1, 1, 1,
             1, 1, 1, 1, 1, 1, 1, 1, 1, 1, 1, 1,
             1, 1, 1, 1, 1, 1, 1, 1, 1, 1, 1, 1]
  },
  {
    "w": 12,
    "h": 12,
    "time": 180,
    "data": [1, 1, 1, 1, 1, 1, 1, 1, 1, 1, 1, 1,
             1, 1, 1, 1, 1, 1, 1, 1, 1, 1, 1, 1,
             1, 1, 1, 1, 1, 1, 1, 1, 1, 1, 1, 1,
             1, 1, 1, 1, 0, 2, 8, 1, 1, 1, 1, 1,
             1, 1, 1, 0, 4, 4, 12, 0, 1, 1, 1, 1,
             1, 1, 1, 0, 0, 1, 8, 0, 1, 1, 1, 1,
             1, 1, 1, 0, 0, 0, 0, 0, 1, 1, 1, 1,
             1, 1, 1, 0, 4, 1, 0, 0, 1, 1, 1, 1,
             1, 1, 1, 1, 0, 0, 8, 1, 1, 1, 1, 1,
             1, 1, 1, 1, 1, 1, 1, 1, 1, 1, 1, 1,
             1, 1, 1, 1, 1, 1, 1, 1, 1, 1, 1, 1,
             1, 1, 1, 1, 1, 1, 1, 1, 1, 1, 1, 1]
  },
  {
    "w": 12,
    "h": 12,
    "time": 180,
    "data": [1, 1, 1, 1, 1, 1, 1, 1, 1, 1, 1, 1,
             1, 1, 1, 1, 1, 1, 1, 1, 1, 1, 1, 1,
             1, 1, 1, 1, 1, 0, 0, 1, 1, 1, 1, 1,
             1, 1, 0, 0, 0, 4, 0, 0, 1, 1, 1, 1,
             1, 1, 0, 0, 12, 12, 12, 0, 1, 1, 1, 1,
             1, 1, 0, 0, 8, 0, 8, 0, 1, 1, 1, 1,
             1, 1, 1, 0, 12, 0, 12, 0, 0, 1, 1, 1,
             1, 1, 1, 1, 12, 12, 12, 0, 0, 1, 1, 1,
             1, 1, 1, 1, 0, 4, 0, 1, 1, 1, 1, 1,
             1, 1, 1, 1, 0, 2, 0, 1, 1, 1, 1, 1,
             1, 1, 1, 1, 1, 1, 1, 1, 1, 1, 1, 1,
             1, 1, 1, 1, 1, 1, 1, 1, 1, 1, 1, 1]
  }
]

